Average fitness, Best fitness
0,26
0,26
1,26
3,30
5,46
9,46
15,46
21,46
26,56
31,63
35,63
40,71
45,83
49,101
54,101
59,101
67,116
74,116
81,126
90,126
97,126
103,138
108,141
114,141
119,152
123,152
128,152
132,166
135,185
142,185
147,193
153,214
159,215
167,215
174,215
184,234
192,234
201,247
207,247
214,268
219,272
226,275
235,279
244,304
252,304
258,313
266,313
271,332
277,332
283,339
288,354
295,354
305,354
313,377
321,377
330,405
339,417
349,417
362,417
371,417
381,429
388,446
397,446
405,449
411,469
417,472
421,472
425,472
433,472
439,481
446,507
453,507
460,507
465,507
469,507
474,507
482,507
489,511
495,511
500,511
502,511
504,511
504,511
505,511
506,511
507,511
506,511
507,511
507,511
508,511
505,511
507,511
507,511
507,511
506,511
507,511
508,511
507,511
507,511
507,511
508,511
507,511
507,511
507,511
508,511
508,511
508,511
506,511
506,511
506,511
505,511
507,511
508,511
507,511
508,511
509,511
508,511
508,511
507,511
507,511
507,511
508,511
508,511
507,511
508,511
507,511
506,511
507,511
507,511
507,511
507,511
508,511
507,511
508,511
506,511
506,511
506,511
508,511
507,511
507,511
507,511
506,511
507,511
507,511
507,511
506,511
508,511
507,511
506,511
507,511
509,511
508,511
507,511
508,511
507,511
508,511
508,511
507,511
506,511
506,511
507,511
507,511
507,511
506,511
508,511
508,511
506,511
506,511
507,511
507,511
507,511
506,511
508,511
506,511
507,511
507,511
508,511
507,511
508,511
508,511
508,511
506,511
508,511
507,511
508,511
508,511
507,511
505,511
506,511
508,511
507,511
508,511
506,511
506,511
507,511
507,511
508,511
508,511
509,511
506,511
506,511
508,511
509,511
508,511
507,511
507,511
508,511
506,511
508,511
508,511
507,511
508,511
509,511
508,511
508,511
509,511
507,511
507,511
508,511
508,511
506,511
508,511
507,511
506,511
507,511
507,511
507,511
507,511
508,511
505,511
508,511
506,511
508,511
507,511
508,511
507,511
506,511
508,511
507,511
508,511
509,511
507,511
508,511
508,511
507,511
505,511
508,511
508,511
506,511
507,511
506,511
507,511
508,511
506,511
508,511
508,511
508,511
509,511
507,511
509,511
508,511
508,511
509,511
507,511
507,511
507,511
508,511
508,511
508,511
507,511
507,511
508,511
507,511
507,511
508,511
507,511
506,511
506,511
507,511
507,511
507,511
506,511
507,511
505,511
506,511
507,511
508,511
506,511
507,511
504,511
506,511
507,511
507,511
506,511
508,511
508,511
507,511
507,511
508,511
508,511
509,511
507,511
508,511
507,511
508,511
508,511
508,511
507,511
507,511
507,511
509,511
507,511
507,511
508,511
508,511
507,511
509,511
505,511
507,511
506,511
506,511
508,511
509,511
507,511
507,511
508,511
508,511
507,511
508,511
507,511
508,511
506,511
507,511
507,511
508,511
506,511
507,511
506,511
507,511
508,511
508,511
506,511
507,511
508,511
507,511
507,511
507,511
508,511
507,511
507,511
507,511
507,511
506,511
508,511
507,511
508,511
507,511
507,511
507,511
508,511
508,511
508,511
507,511
508,511
507,511
506,511
508,511
506,511
508,511
509,511
507,511
507,511
507,511
509,511
508,511
508,511
508,511
506,511
506,511
507,511
507,511
507,511
508,511
507,511
506,511
508,511
508,511
507,511
506,511
508,511
507,511
507,511
508,511
507,511
507,511
507,511
507,511
508,511
508,511
508,511
506,511
507,511
508,511
506,511
507,511
506,511
508,511
507,511
508,511
508,511
508,511
508,511
507,511
507,511
508,511
508,511
507,511
507,511
508,511
507,511
507,511
508,511
508,511
507,511
507,511
507,511
507,511
507,511
507,511
507,511
508,511
507,511
508,511
509,511
508,511
507,511
507,511
506,511
508,511
507,511
507,511
508,511
508,511
508,511
509,511
507,511
506,511
506,511
506,511
505,511
507,511
507,511
506,511
507,511
508,511
506,511
508,511
508,511
508,511
507,511
507,511
507,511
507,511
506,511
507,511
508,511
507,511
507,511
508,511
507,511
507,511
508,511
507,511
507,511
509,511
507,511
508,511
508,511
507,511
507,511
506,511
507,511
508,511
507,511
507,511
507,511
507,511
508,511
507,511
507,511
508,511
509,511
507,511
508,511
507,511
507,511
509,511
508,511
507,511
508,511
507,511
508,511
509,511
507,511
509,511
508,511
507,511
507,511
506,511
507,511
506,511
507,511
507,511
508,511
507,511
507,511
505,511
509,511
507,511
507,511
509,511
508,511
508,511
507,511
508,511
509,511
508,511
508,511
507,511
508,511
507,511
508,511
507,511
508,511
508,511
509,511
507,511
508,511
507,511
507,511
508,511
507,511
508,511
507,511
507,511
506,511
507,511
507,511
506,511
508,511
508,511
508,511
508,511
507,511
507,511
508,511
507,511
507,511
507,511
507,511
508,511
506,511
508,511
507,511
508,511
508,511
506,511
508,511
508,511
508,511
508,511
506,511
507,511
508,511
507,511
507,511
507,511
507,511
508,511
507,511
508,511
508,511
508,511
508,511
508,511
507,511
507,511
507,511
507,511
507,511
506,511
508,511
507,511
508,511
507,511
507,511
507,511
508,511
508,511
508,511
507,511
507,511
507,511
508,511
506,511
507,511
507,511
508,511
508,511
509,511
507,511
506,511
507,511
508,511
508,511
508,511
509,511
508,511
507,511
508,511
508,511
508,511
507,511
508,511
508,511
507,511
508,511
507,511
507,511
507,511
507,511
508,511
508,511
508,511
506,511
507,511
506,511
507,511
506,511
508,511
508,511
507,512
507,512
505,512
508,512
506,512
508,512
508,513
507,513
507,513
508,513
508,513
508,513
508,513
508,514
509,514
509,515
509,515
510,515
511,516
511,516
510,516
509,516
511,516
512,518
513,518
510,518
512,518
511,521
512,521
513,521
512,522
513,523
514,523
515,523
516,523
516,523
516,523
517,524
517,525
519,525
517,525
518,529
519,529
519,529
519,529
521,531
521,531
521,531
522,531
523,533
523,537
525,537
525,537
526,537
527,538
528,539
528,541
529,541
531,547
532,547
534,548
536,549
536,550
535,553
540,553
540,553
541,555
542,559
545,559
545,559
548,559
548,559
550,574
550,574
553,574
554,574
554,574
557,574
559,577
559,577
565,579
567,590
569,590
571,594
572,594
574,600
576,600
578,601
579,601
585,605
587,611
591,612
594,612
596,619
596,619
598,619
598,620
601,620
602,623
605,623
608,625
609,631
611,632
614,632
613,632
617,632
617,632
618,632
620,637
623,637
623,637
626,639
625,639
626,639
628,639
628,640
627,640
631,640
633,641
631,641
633,642
632,642
632,642
633,642
633,642
634,645
634,645
634,645
633,645
633,645
635,645
636,645
637,645
636,645
638,646
635,646
638,646
638,651
639,651
638,651
638,651
639,651
636,651
638,652
637,652
640,654
640,654
643,654
642,654
643,654
644,656
643,656
642,656
647,656
646,656
645,656
645,656
648,656
650,656
648,656
648,656
649,656
650,657
649,658
648,658
647,658
650,658
648,658
650,658
650,660
648,660
650,660
650,660
652,660
650,660
650,660
649,660
651,660
652,660
653,660
650,660
652,660
654,660
650,661
655,661
653,661
652,661
653,661
654,662
651,662
653,662
654,662
654,662
653,662
654,662
655,662
656,662
656,662
655,662
657,662
654,662
654,663
653,663
654,663
656,663
653,663
654,663
652,663
658,663
658,663
656,663
656,663
658,663
659,663
654,663
654,663
658,663
656,663
657,663
656,663
654,663
656,663
655,663
657,663
655,663
658,663
654,663
655,663
654,663
655,663
655,663
655,663
656,663
656,663
656,663
656,663
656,663
657,663
656,663
658,663
655,663
655,663
654,663
656,663
655,663
654,663
654,663
654,663
653,663
655,663
652,663
656,663
656,663
655,663
657,663
657,663
657,663
656,663
654,663
653,663
656,663
657,663
655,663
655,663
656,663
655,663
655,663
655,663
657,663
657,663
655,663
656,663
653,663
655,663
657,663
658,663
656,663
656,663
658,663
656,663
655,663
653,663
657,663
657,663
652,663
655,663
654,663
656,663
653,663
655,663
654,663
654,663
655,663
656,663
653,663
653,663
655,663
654,663
654,663
655,663
653,663
657,663
656,663
653,663
656,663
656,663
654,663
657,663
655,663
655,663
656,663
655,663
656,663
657,663
654,663
657,663
652,663
657,663
655,663
656,663
656,663
654,663
658,663
655,663
655,663
656,663
654,663
653,663
653,663
655,663
655,663
654,663
657,664
656,664
655,664
657,664
655,664
658,664
656,664
656,664
657,664
655,664
656,664
651,664
655,664
659,664
657,664
657,664
656,664
654,664
656,664
655,664
657,664
656,664
657,664
659,664
657,664
657,664
656,664
658,664
655,664
656,664
654,664
657,664
655,664
658,664
657,664
654,664
657,664
656,664
657,664
655,664
656,664
656,664
659,664
656,664
657,664
657,664
657,664
656,664
654,664
657,664
656,664
655,664
656,664
658,664
656,664
656,664
655,664
656,664
656,664
656,664
657,664
658,664
657,664
659,664
657,664
655,664
658,664
658,664
657,664
656,664
657,664
656,664
657,664
653,664
657,664
657,664
657,664
659,664
655,664
656,664
656,664
658,664
659,664
657,664
657,664
657,664
656,664
656,664
657,664
657,664
658,664
657,664
654,664
654,664
656,664
656,664
655,664
654,664
657,664
657,664
659,664
659,664
656,664
656,664
658,664
657,664
656,664
656,664
658,664
658,664
659,664
656,664
652,664
657,664
656,664
655,664
655,664
655,664
658,664
655,664
658,664
658,664
656,664
657,664
658,664
658,664
660,664
658,664
656,664
656,664
655,664
657,664
657,664
656,664
657,664
656,664
657,664
655,664
656,664
654,664
656,664
655,664
656,664
655,664
657,664
656,664
657,664
658,664
657,664
658,664
657,664
659,664
656,664
656,664
653,664
657,664
657,664
659,664
655,664
656,664
657,664
658,664
657,664
657,664
657,664
658,664
658,664
658,664
656,664
656,664
656,664
655,664
656,664
657,664
657,664
656,664
657,664
656,664
659,664
655,664
656,664
656,664
656,664
659,664
655,664
655,664
658,664
657,664
656,664
659,664
657,664
656,664
657,664
656,664
656,664
656,664
657,664
658,664
656,664
656,664
652,664
656,664
655,664
655,664
656,664
654,664
657,664
658,664
658,664
657,664
656,664
656,664
656,664
657,664
656,664
659,664
656,664
657,664
657,664
655,664
654,664
657,664
657,664
657,664
659,664
657,664
656,664
656,664
657,664
655,664
658,664
658,664
659,664
655,664
656,664
657,664
655,664
659,664
657,664
657,664
658,664
658,664
657,664
657,664
655,664
658,664
656,664
656,664
655,664
658,664
655,664
655,664
656,664
655,664
656,664
656,664
657,664
656,664
655,664
653,664
655,664
657,664
658,664
657,664
658,664
656,664
658,664
654,664
659,664
659,664
657,664
656,664
656,664
656,664
657,664
657,664
654,664
656,664
655,664
655,664
655,664
656,664
658,664
656,664
656,664
656,664
657,664
655,664
656,664
656,664
655,664
659,664
655,664
658,664
657,664
656,664
657,664
656,664
657,664
656,664
656,664
652,664
656,664
655,664
657,664
657,664
655,664
656,664
656,664
655,664
658,664
658,664
656,664
655,664
655,664
656,664
657,664
657,664
655,664
656,664
656,664
656,664
655,664
658,664
658,664
656,664
656,664
660,664
657,664
658,664
657,664
655,664
653,664
656,664
656,664
657,664
656,664
654,664
654,664
657,664
654,664
655,664
658,664
656,664
657,664
656,664
655,664
656,664
657,664
656,664
655,664
657,664
655,664
657,664
654,664
657,664
657,664
655,664
657,664
657,664
654,664
656,664
656,664
656,664
658,664
658,664
659,664
656,664
658,664
658,664
656,664
658,664
658,664
656,664
656,664
657,664
656,664
657,664
658,664
657,664
657,664
656,664
656,664
657,664
657,664
656,664
654,664
656,664
655,664
657,664
655,664
658,664
658,664
655,664
656,664
656,664
656,664
657,664
656,664
657,664
658,664
655,664
657,664
655,664
656,664
657,664
657,664
655,664
657,664
657,664
657,664
655,664
658,664
657,664
655,664
655,664
659,664
654,664
656,664
656,664
657,664
657,664
659,664
659,664
656,664
655,664
657,664
658,664
659,664
654,664
658,664
658,664
659,664
658,664
657,664
659,664
658,664
656,664
657,664
658,664
659,664
657,664
658,664
655,664
657,664
657,664
657,664
657,664
657,664
657,664
657,664
659,664
658,664
659,664
656,664
657,664
658,664
656,664
654,664
655,664
656,664
658,664
655,664
655,664
657,664
658,664
657,664
656,664
657,664
658,664
658,664
656,664
659,664
658,664
655,664
658,664
656,664
658,664
656,664
657,664
656,664
655,664
655,664
656,664
654,664
658,664
655,664
654,664
658,664
657,664
655,664
657,664
657,664
658,664
657,664
657,664
656,664
657,664
657,664
655,664
655,664
657,664
657,664
658,664
656,664
656,664
654,664
658,664
657,664
656,664
657,664
656,664
657,664
658,664
658,664
655,664
657,664
656,664
658,664
657,664
655,664
658,664
656,664
654,664
655,664
656,664
655,664
656,664
655,664
655,664
656,664
656,664
654,664
657,664
657,664
655,664
657,664
660,664
657,664
656,664
656,664
657,664
657,664
658,664
656,664
655,664
656,664
656,664
657,664
656,664
657,664
659,664
655,664
658,664
658,664
655,664
657,664
658,664
656,664
655,664
659,664
654,664
656,664
658,664
655,664
656,664
659,664
656,664
656,664
657,664
654,664
659,664
657,664
653,664
652,664
656,664
657,664
657,664
656,664
657,664
657,664
656,664
657,664
655,664
655,664
654,664
656,664
659,664
655,664
657,664
656,664
657,664
656,664
654,664
656,664
655,664
657,664
657,664
657,664
656,664
658,664
658,664
656,664
656,664
656,664
655,664
655,664
657,664
656,664
655,664
657,664
657,664
655,664
657,664
657,664
658,664
656,664
659,664
655,664
658,664
658,664
656,664
658,664
657,664
656,664
658,664
657,664
656,664
658,664
658,664
657,664
657,664
655,664
653,664
655,664
655,664
657,664
658,664
658,664
657,664
656,664
656,664
656,664
657,664
657,664
657,664
658,664
658,664
657,664
657,664
656,664
657,664
658,664
658,664
657,664
656,664
655,664
656,664
658,664
654,664
655,664
656,664
655,664
654,664
657,664
656,664
654,664
658,664
658,664
654,664
657,664
657,664
657,664
657,664
656,664
659,664
657,664
656,664
658,664
656,664
657,664
656,664
658,664
657,664
658,664
658,664
654,664
659,664
656,664
656,664
659,664
659,664
658,664
658,664
659,664
658,664
656,664
656,664
655,664
657,664
659,664
656,664
656,664
657,664
657,664
657,664
658,664
656,664
656,664
657,664
655,664
657,664
656,664
656,664
655,664
657,664
657,664
659,664
655,664
655,664
657,664
657,664
657,664
658,664
656,664
658,664
657,664
659,664
657,664
657,664
658,664
655,664
657,664
657,664
657,664
655,664
657,664
656,664
657,664
654,664
657,664
655,664
656,664
654,664
653,664
659,664
657,664
657,664
654,664
657,664
660,664
657,664
654,664
652,664
656,664
655,664
655,664
654,664
657,664
656,664
658,664
655,664
654,664
656,664
659,664
655,664
656,664
655,664
656,664
656,664
654,664
656,664
658,664
657,664
658,664
657,664
655,664
657,664
658,664
657,664
655,664
656,664
656,664
659,664
656,664
658,664
654,664
656,664
656,664
658,664
658,664
655,664
656,664
656,664
658,664
656,664
656,664
659,664
655,664
657,664
657,664
655,664
657,664
656,664
655,664
657,664
658,664
658,664
655,664
655,664
658,664
656,664
656,664
657,664
659,664
657,664
656,664
655,664
657,664
656,664
657,664
657,664
655,664
657,664
658,664
655,664
657,664
657,664
656,664
658,664
658,664
656,664
660,664
658,664
657,664
656,664
656,664
658,664
655,664
658,664
657,664
658,664
658,664
657,664
655,664
658,664
657,664
656,664
657,664
655,664
654,664
654,664
657,664
657,664
656,664
658,664
658,664
656,664
656,664
657,664
657,664
655,664
655,664
656,664
655,664
657,664
657,664
658,664
656,664
655,664
657,664
656,664
658,664
657,664
653,664
656,664
655,664
656,664
659,664
656,664
658,664
659,664
659,664
657,664
656,664
657,664
657,664
656,664
653,664
656,664
656,664
657,664
656,664
655,664
658,664
658,664
657,664
657,664
657,664
658,664
655,664
656,664
656,664
656,664
656,664
654,664
657,664
659,664
655,664
657,664
656,664
656,664
657,664
656,664
657,664
657,664
657,664
658,664
657,664
657,664
657,664
656,664
654,664
655,664
656,664
655,664
656,664
658,664
658,664
657,664
659,664
658,664
658,664
657,664
659,664
656,664
654,664
655,664
655,664
655,664
658,664
654,664
656,664
656,664
657,664
659,664
657,664
654,664
656,664
656,664
656,664
654,664
656,664
656,664
655,664
655,664
658,664
655,664
658,664
658,664
655,664
657,664
654,664
655,664
657,664
656,664
657,664
657,664
657,664
657,664
656,664
658,664
658,664
656,664
658,664
655,664
655,664
655,664
657,664
660,664
656,664
657,664
656,664
656,664
659,664
655,664
656,664
657,664
656,664
656,664
657,664
657,664
657,664
655,664
656,664
655,664
657,664
653,664
657,664
656,664
656,664
656,664
657,664
659,664
658,664
655,664
656,664
656,664
658,664
657,664
657,664
659,664
656,664
656,664
654,664
657,664
657,664
657,664
655,664
655,664
654,664
657,664
656,664
659,664
656,664
657,664
657,664
655,664
656,664
657,664
656,664
658,664
656,664
657,664
657,664
656,664
657,664
654,664
657,664
654,664
658,664
658,664
657,664
656,664
657,664
657,664
655,664
658,664
657,664
658,664
657,664
658,664
658,664
657,664
657,664
657,664
657,664
659,664
657,664
655,664
656,664
656,664
656,664
657,664
657,664
655,664
656,664
656,664
657,664
657,664
656,664
657,664
656,664
657,664
656,664
658,664
655,664
656,664
657,664
655,664
657,664
655,664
657,664
656,664
658,664
655,664
656,664
656,664
657,664
657,664
658,664
657,664
657,664
657,664
657,664
657,664
657,664
657,664
657,664
656,664
659,664
656,664
658,664
658,664
657,664
656,664
658,664
658,664
657,664
659,664
657,664
657,664
656,664
658,664
657,664
654,664
657,664
656,664
657,664
659,664
655,664
657,664
658,664
656,664
657,664
660,664
658,664
656,664
655,664
657,664
659,664
658,664
659,664
655,664
656,664
657,664
657,664
656,664
657,664
653,664
656,664
657,664
655,664
655,664
656,664
657,664
658,664
656,664
656,664
657,664
658,664
655,664
657,664
655,664
656,664
658,664
658,664
657,664
656,664
655,664
656,664
655,664
658,664
656,664
657,664
656,664
658,664
654,664
656,664
657,664
658,664
654,664
656,664
658,664
658,664
654,664
654,664
656,664
656,664
658,664
654,664
656,664
657,664
656,664
657,664
656,664
657,664
656,664
658,664
658,664
659,664
657,664
656,664
657,664
655,664
658,664
655,664
658,664
658,664
656,664
655,664
658,664
657,664
657,664
656,664
657,664
657,664
658,664
656,664
656,664
656,664
657,664
657,664
658,664
657,664
657,664
655,664
657,664
658,664
656,664
656,664
657,664
654,664
656,664
656,664
656,664
658,664
658,664
657,664
660,664
658,664
656,664
658,664
657,664
656,664
658,664
657,664
657,664
657,664
657,664
658,664
656,664
657,664
654,664
657,664
657,664
655,664
654,664
656,664
657,664
658,664
657,664
656,664
657,664
657,664
653,664
657,664
656,664
657,664
657,664
656,664
652,664
654,664
655,664
658,664
658,664
658,664
658,664
658,664
658,664
657,664
656,664
655,664
657,664
656,664
657,664
657,664
656,664
655,664
657,664
656,664
658,664
655,664
657,664
658,664
658,664
656,664
656,664
655,664
658,664
655,664
655,664
657,664
655,664
655,664
656,664
658,664
656,664
655,664
657,664
657,664
659,664
658,664
657,664
657,664
656,664
658,664
657,664
655,664
656,664
657,664
657,664
656,664
658,664
655,664
656,664
657,664
658,664
657,664
655,664
656,664
656,664
654,664
659,664
658,664
658,664
657,664
657,664
655,664
659,664
659,664
655,664
656,664
657,664
653,664
656,664
655,664
657,664
656,664
656,664
657,664
656,664
657,664
656,664
657,664
657,664
657,664
656,664
655,664
657,664
654,664
657,664
656,664
655,664
655,664
658,664
657,664
656,664
653,664
659,664
657,664
656,664
657,664
656,664
659,664
656,664
655,664
657,664
657,664
656,664
656,664
656,664
658,664
655,664
655,664
654,664
656,664
656,664
656,664
658,664
656,664
657,664
659,664
656,664
657,664
655,664
654,664
654,664
656,664
659,664
657,664
657,664
658,664
657,664
658,664
656,664
659,664
658,664
658,664
657,664
659,664
657,664
654,664
656,664
658,664
657,664
657,664
657,664
657,664
659,664
656,664
657,664
659,664
657,664
657,664
656,664
657,664
658,664
656,664
657,664
657,664
656,664
655,664
657,664
658,664
657,664
656,664
655,664
658,664
655,664
657,664
655,664
657,664
657,664
658,664
655,664
656,664
658,664
658,664
657,664
656,664
657,664
658,664
657,664
658,664
659,664
655,664
657,664
657,664
656,664
657,664
659,664
657,664
656,664
656,664
658,664
654,664
654,664
656,664
658,664
658,664
657,664
658,664
655,664
658,664
657,664
656,664
657,664
655,664
654,664
654,664
656,664
655,664
656,664
654,664
654,664
656,664
655,664
656,664
659,664
656,664
653,664
656,664
654,664
656,664
658,664
658,664
656,664
657,664
655,664
657,664
657,664
657,664
657,664
655,664
657,664
659,664
659,664
659,664
656,664
658,664
655,664
656,664
656,664
657,664
656,664
653,664
657,664
657,664
653,664
655,664
657,664
657,664
655,664
657,664
658,664
659,664
657,664
659,664
656,664
658,664
658,664
657,664
658,664
656,664
656,664
658,664
655,664
656,664
658,664
655,664
657,664
656,664
656,664
657,664
657,664
657,664
659,664
657,664
656,664
659,664
656,664
657,664
657,664
658,664
656,664
656,664
656,664
658,664
657,664
656,664
656,664
659,664
657,664
654,664
655,664
657,664
657,664
655,664
657,664
656,664
654,664
657,664
657,664
655,664
655,664
658,664
656,664
656,664
657,664
656,664
655,664
655,664
656,664
656,664
655,664
658,664
658,664
658,664
657,664
658,664
657,664
656,664
658,664
655,664
656,664
656,664
657,664
656,664
657,664
656,664
656,664
657,664
656,664
656,664
658,664
656,664
658,664
658,664
655,664
658,664
656,664
655,664
655,664
657,664
657,664
655,664
658,664
656,664
659,664
659,664
655,664
655,664
658,664
659,664
657,664
657,664
656,664
658,664
656,664
658,664
656,664
656,664
657,664
658,664
658,664
660,664
658,664
658,664
655,664
656,664
659,664
657,664
659,664
657,664
657,664
658,664
656,664
657,664
657,664
657,664
654,664
658,664
656,664
655,664
657,664
657,664
656,664
658,664
656,664
657,664
657,664
656,664
657,664
655,664
656,664
655,664
656,664
656,664
658,664
657,664
658,664
657,664
657,664
656,664
658,664
657,664
657,664
656,664
656,664
658,664
656,664
657,664
657,664
658,664
657,664
657,664
657,664
657,664
654,664
657,664
657,664
658,664
655,664
655,664
656,664
657,664
657,664
658,664
656,664
657,664
658,664
656,664
658,664
657,664
654,664
657,664
656,664
657,664
659,664
659,664
659,664
654,664
657,664
656,664
655,664
656,664
657,664
656,664
656,664
654,664
659,664
657,664
656,664
659,664
656,664
659,664
655,664
657,664
657,664
656,664
657,664
657,664
659,664
656,664
657,664
658,664
657,664
656,664
656,664
656,664
658,664
655,664
656,664
658,664
657,664
658,664
655,664
655,664
656,664
658,664
655,664
658,664
657,664
657,664
656,664
655,664
658,664
656,664
657,664
656,664
659,664
656,664
657,664
656,664
656,664
655,664
657,664
656,664
658,664
656,664
655,664
658,664
658,664
657,664
656,664
654,664
657,664
657,664
658,664
655,664
657,664
660,664
657,664
657,664
655,664
658,664
657,664
658,664
658,664
658,664
656,664
658,664
657,664
658,664
657,664
658,664
656,664
654,664
655,664
659,664
658,664
659,664
656,664
658,664
657,664
657,664
658,664
656,664
656,664
658,664
656,664
655,664
657,664
657,664
656,664
655,664
658,664
656,664
658,664
659,664
655,664
654,664
654,664
655,664
654,664
656,664
656,664
657,664
656,664
658,664
655,664
657,664
657,664
655,664
655,664
657,664
657,664
657,664
656,664
657,664
655,664
656,664
658,664
655,664
659,664
656,664
657,664
656,664
655,664
655,664
657,664
657,664
658,664
656,664
654,664
655,664
655,664
655,664
657,664
656,664
658,664
656,664
653,664
657,664
659,664
656,664
657,664
657,664
657,664
658,664
656,664
657,664
656,664
658,664
657,664
657,664
655,664
656,664
654,664
656,664
657,664
657,664
657,664
656,664
658,664
657,664
656,664
657,664
658,664
657,664
656,664
657,664
656,664
657,664
657,664
655,664
658,664
656,664
658,664
657,664
656,664
654,664
656,664
655,664
656,664
656,664
658,664
657,664
655,664
655,664
657,664
656,664
655,664
657,664
658,664
658,664
658,664
658,664
654,664
655,664
657,664
655,664
658,664
656,664
657,664
655,664
656,664
656,664
656,664
657,664
658,664
657,664
659,664
659,664
655,664
657,664
658,664
657,664
657,664
658,664
655,664
655,664
655,664
657,664
657,664
660,664
654,664
657,664
658,664
657,664
657,664
658,664
657,664
656,664
658,664
657,664
658,664
657,664
657,664
656,664
656,664
658,664
657,664
655,664
657,664
658,664
657,664
658,664
654,664
654,664
655,664
657,664
655,664
657,664
656,664
655,664
657,664
658,664
657,664
657,664
657,664
656,664
652,664
657,664
654,664
657,664
656,664
655,664
656,664
657,664
656,664
658,664
659,664
657,664
656,664
657,664
656,664
656,664
657,664
654,664
658,664
657,664
656,664
656,664
656,664
657,664
657,664
656,664
657,664
654,664
656,664
657,664
660,664
656,664
658,664
655,664
656,664
657,664
657,664
658,664
655,664
658,664
656,664
659,664
658,664
658,664
657,664
655,664
656,664
657,664
657,664
656,664
655,664
658,664
655,664
655,664
655,664
655,664
656,664
657,664
655,664
654,664
655,664
658,664
659,664
657,664
653,664
654,664
656,664
658,664
656,664
657,664
656,664
657,664
655,664
656,664
657,664
657,664
659,664
656,664
657,664
655,664
657,664
653,664
657,664
657,664
657,664
657,664
657,664
657,664
656,664
657,664
658,664
655,664
658,664
656,664
657,664
657,664
656,664
657,664
658,664
658,664
656,664
653,664
656,664
658,664
657,664
657,664
659,664
656,664
654,664
655,664
655,664
656,664
656,664
656,664
657,664
656,664
657,664
657,664
658,664
656,664
657,664
655,664
658,664
658,664
655,664
654,664
657,664
660,664
660,664
657,664
656,664
655,664
658,664
658,664
658,664
654,664
657,664
658,664
656,664
657,664
657,664
656,664
655,664
656,664
656,664
658,664
655,664
656,664
656,664
657,664
658,664
656,664
656,664
656,664
656,664
656,664
657,664
657,664
659,664
658,664
656,664
655,664
657,664
656,664
656,664
655,664
654,664
658,664
658,664
657,664
657,664
657,664
657,664
654,664
655,664
657,664
657,664
654,664
659,664
655,664
656,664
657,664
657,664
657,664
655,664
657,664
655,664
658,664
655,664
657,664
656,664
660,664
657,664
656,664
656,664
657,664
657,664
656,664
655,664
658,664
653,664
658,664
656,664
658,664
655,664
656,664
656,664
654,664
658,664
658,664
657,664
656,664
658,664
657,664
656,664
656,664
657,664
658,664
655,664
656,664
655,664
653,664
657,664
657,664
654,664
654,664
657,664
654,664
656,664
658,664
654,664
656,664
657,664
656,664
657,664
654,664
657,664
657,664
655,664
657,664
657,664
655,664
656,664
657,664
658,664
656,664
655,664
653,664
657,664
657,664
656,664
655,664
655,664
656,664
658,664
657,664
656,664
655,664
657,664
657,664
657,664
657,664
657,664
656,664
658,664
656,664
656,664
658,664
658,664
657,664
657,664
656,664
658,664
657,664
657,664
657,664
656,664
657,664
657,664
656,664
655,664
656,664
658,664
657,664
655,664
658,664
657,664
657,664
656,664
657,664
658,664
658,664
658,664
659,664
657,664
657,664
654,664
656,664
656,664
657,664
656,664
655,664
656,664
655,664
656,664
658,664
655,664
658,664
656,664
658,664
657,664
657,664
657,664
657,664
658,664
658,664
656,664
655,664
656,664
657,664
657,664
655,664
657,664
659,664
660,664
657,664
656,664
656,664
658,664
656,664
655,664
656,664
658,664
655,664
657,664
657,664
657,664
656,664
657,664
655,664
656,664
655,664
657,664
653,664
655,664
656,664
656,664
655,664
658,664
658,664
656,664
655,664
657,664
658,664
660,664
656,664
657,664
655,664
658,664
660,664
657,664
657,664
657,664
656,664
656,664
656,664
656,664
656,664
658,664
656,664
656,664
655,664
655,664
657,664
658,664
655,664
654,664
657,664
657,664
657,664
654,664
655,664
657,664
657,664
656,664
654,664
657,664
657,664
656,664
657,664
656,664
658,664
655,664
655,664
657,664
656,664
658,664
656,664
656,664
657,664
656,664
656,664
658,664
657,664
655,664
657,664
655,664
655,664
656,664
657,664
655,664
654,664
654,664
655,664
656,664
654,664
656,664
654,664
656,664
655,664
655,664
655,664
658,664
657,664
657,664
656,664
657,664
658,664
658,664
657,664
656,664
657,664
657,664
657,664
655,664
653,664
656,664
657,664
658,664
659,664
658,664
656,664
656,664
657,664
655,664
654,664
655,664
655,664
656,664
658,664
656,664
656,664
656,664
656,664
656,664
657,664
652,664
656,664
658,664
658,664
657,664
660,664
656,664
659,664
657,664
657,664
656,664
657,664
655,664
655,664
656,664
657,664
655,664
656,664
656,664
655,664
656,664
656,664
658,664
657,664
658,664
657,664
656,664
659,664
656,664
656,664
657,664
657,664
659,664
658,664
659,664
658,664
655,664
657,664
658,664
658,664
659,664
656,664
656,664
656,664
657,664
659,664
658,664
654,664
655,664
658,664
657,664
660,664
656,664
656,664
657,664
658,664
659,664
659,664
659,664
657,664
657,664
658,664
658,664
659,664
658,664
657,664
655,664
655,664
658,664
658,664
659,664
656,664
655,664
657,664
657,664
658,664
657,664
657,664
656,664
657,664
657,664
658,664
655,664
655,664
655,664
659,664
658,664
655,664
658,664
656,664
657,664
656,664
657,664
658,664
656,664
657,664
656,664
655,664
658,664
656,664
657,664
656,664
656,664
653,664
655,664
656,664
657,664
657,664
656,664
659,664
658,664
654,664
657,664
655,664
659,664
656,664
656,664
656,664
657,664
657,664
659,664
657,664
657,664
657,664
656,664
657,664
656,664
656,664
656,664
657,664
656,664
658,664
657,664
657,664
655,664
656,664
659,664
657,664
656,664
653,664
657,664
659,664
657,664
657,664
655,664
656,664
658,664
658,664
653,664
656,664
658,664
656,664
654,664
654,664
655,664
657,664
656,664
654,664
657,664
659,664
656,664
658,664
655,664
657,664
657,664
657,664
656,664
658,664
657,664
657,664
655,664
657,664
657,664
655,664
653,664
657,664
656,664
655,664
658,664
658,664
656,664
657,664
657,664
656,664
656,664
658,664
659,664
658,664
656,664
658,664
658,664
657,664
658,664
657,664
658,664
655,664
654,664
654,664
653,664
655,664
657,664
658,664
656,664
658,664
656,664
657,664
656,664
657,664
658,664
656,664
653,664
654,664
657,664
656,664
659,664
657,664
658,664
657,664
656,664
657,664
656,664
656,664
657,664
655,664
657,664
657,664
654,664
658,664
658,664
656,664
657,664
658,664
656,664
658,664
656,664
656,664
656,664
656,664
659,664
656,664
657,664
657,664
655,664
656,664
657,664
657,664
658,664
654,664
657,664
656,664
655,664
656,664
658,664
657,664
659,664
656,664
654,664
654,664
657,664
659,664
656,664
656,664
657,664
656,664
658,664
657,664
655,664
656,664
657,664
658,664
658,664
656,664
656,664
656,664
656,664
657,664
657,664
658,664
657,664
657,664
656,664
657,664
656,664
657,664
655,664
655,664
655,664
656,664
655,664
656,664
657,664
657,664
656,664
657,664
655,664
657,664
658,664
658,664
658,664
657,664
658,664
656,664
654,664
656,664
656,664
655,664
657,664
658,664
656,664
656,664
656,664
658,664
656,664
656,664
656,664
654,664
659,664
657,664
657,664
657,664
658,664
659,664
658,664
658,664
656,664
654,664
659,664
657,664
656,664
659,664
656,664
657,664
657,664
657,664
656,664
656,664
657,664
658,664
658,664
656,664
654,664
657,664
657,664
657,664
659,664
654,664
654,664
657,664
656,664
656,664
655,664
658,664
656,664
657,664
657,664
655,664
655,664
655,664
658,664
658,664
657,664
655,664
657,664
653,664
656,664
656,664
654,664
654,664
657,664
657,664
656,664
657,664
657,664
656,664
657,664
656,664
658,664
657,664
654,664
658,664
658,664
656,664
656,664
657,664
657,664
657,664
656,664
657,664
656,664
656,664
657,664
657,664
657,664
656,664
655,664
657,664
657,664
655,664
657,664
655,664
654,664
658,664
657,664
657,664
655,664
657,664
656,664
656,664
658,664
656,664
658,664
656,664
656,664
656,664
657,664
656,664
657,664
657,664
655,664
659,664
656,664
657,664
656,664
657,664
656,664
655,664
657,664
657,664
659,664
658,664
654,664
656,664
657,664
657,664
657,664
658,664
657,664
657,664
657,664
658,664
656,664
659,664
656,664
657,664
655,664
656,664
658,664
657,664
658,664
657,664
658,664
657,664
658,664
656,664
655,664
655,664
654,664
657,664
657,664
656,664
657,664
657,664
656,664
656,664
658,664
657,664
657,664
657,664
656,664
655,664
658,664
656,664
657,664
656,664
657,664
654,664
657,664
658,664
657,664
656,664
654,664
656,664
658,664
655,664
652,664
655,664
657,664
654,664
653,664
654,664
656,664
656,664
656,664
656,664
657,664
656,664
659,664
656,664
657,664
656,664
657,664
657,664
659,664
658,664
657,664
657,664
657,664
655,664
656,664
655,664
658,664
658,664
655,664
655,664
656,664
656,664
656,664
656,664
658,664
657,664
656,664
656,664
654,664
655,664
657,664
655,664
658,664
658,664
655,664
654,664
654,664
656,664
659,664
657,664
656,664
656,664
658,664
656,664
658,664
657,664
657,664
656,664
658,664
657,664
658,664
658,664
656,664
656,664
657,664
656,664
654,664
658,664
656,664
655,664
658,664
656,664
655,664
656,664
657,664
657,664
656,664
658,664
657,664
657,664
656,664
657,664
657,664
656,664
656,664
659,664
657,664
658,664
657,664
658,664
657,664
657,664
656,664
657,664
658,664
658,664
656,664
656,664
655,664
657,664
657,664
656,664
657,664
656,664
655,664
655,664
656,664
657,664
657,664
659,664
656,664
657,664
653,664
658,664
656,664
656,664
657,664
657,664
657,664
658,664
659,664
657,664
657,664
657,664
657,664
658,664
656,664
656,664
656,664
658,664
659,664
658,664
656,664
657,664
655,664
657,664
657,664
657,664
656,664
655,664
657,664
657,664
655,664
655,664
658,664
654,664
655,664
658,664
655,664
657,664
657,664
655,664
653,664
656,664
656,664
658,664
656,664
655,664
655,664
655,664
656,664
656,664
655,664
655,664
655,664
656,664
659,664
656,664
656,664
657,664
656,664
657,664
655,664
657,664
658,664
658,664
654,664
654,664
656,664
656,664
656,664
658,664
656,664
655,664
656,664
657,664
658,664
656,664
656,664
655,664
658,664
655,664
657,664
658,664
655,664
657,664
658,664
657,664
656,664
656,664
656,664
657,664
656,664
655,664
658,664
656,664
657,664
655,664
655,664
654,664
654,664
658,664
656,664
656,664
657,664
657,664
656,664
655,664
657,664
658,664
656,664
657,664
657,664
655,664
656,664
656,664
657,664
657,664
659,664
656,664
657,664
657,664
656,664
655,664
656,664
658,664
657,664
655,664
656,664
657,664
654,664
657,664
657,664
657,664
656,664
656,664
657,664
656,664
654,664
658,664
659,664
657,664
657,664
657,664
657,664
656,664
657,664
657,664
657,664
656,664
656,664
655,664
657,664
656,664
656,664
658,664
657,664
656,664
656,664
656,664
657,664
657,664
655,664
657,664
656,664
657,664
657,664
658,664
656,664
657,664
658,664
657,664
656,664
658,664
657,664
656,664
655,664
658,664
655,664
656,664
657,664
657,664
658,664
656,664
656,664
654,664
659,664
657,664
655,664
657,664
655,664
655,664
656,664
660,664
657,664
656,664
657,664
656,664
655,664
656,664
658,664
655,664
658,664
659,664
659,664
656,664
659,664
658,664
655,664
654,664
657,664
654,664
657,664
657,664
657,664
655,664
657,664
657,664
656,664
655,664
657,664
658,664
656,664
659,664
657,664
657,664
658,664
657,664
660,664
659,664
657,664
655,664
655,664
659,664
654,664
655,664
658,664
656,664
653,664
656,664
655,664
655,664
656,664
657,664
655,664
654,664
654,664
653,664
656,664
658,664
657,664
658,664
656,664
655,664
657,664
656,664
655,664
656,664
657,664
659,664
658,664
658,664
654,664
657,664
655,664
657,664
656,664
654,664
653,664
657,664
656,664
657,664
655,664
655,664
654,664
656,664
657,664
656,664
656,664
657,664
656,664
657,664
658,664
658,664
657,664
657,664
657,664
656,664
655,664
657,664
657,664
656,664
657,664
657,664
658,664
655,664
657,664
657,664
656,664
657,664
656,664
655,664
653,664
655,664
656,664
656,664
658,664
657,664
657,664
657,664
656,664
657,664
656,664
657,664
658,664
659,664
659,664
657,664
657,664
656,664
657,664
659,664
657,664
656,664
658,664
657,664
659,664
657,664
656,664
657,664
658,664
657,664
658,664
656,664
655,664
655,664
655,664
657,664
657,664
658,664
659,664
659,664
656,664
659,664
656,664
657,664
655,664
655,664
658,664
657,664
658,664
657,664
658,664
657,664
656,664
656,664
655,664
657,664
656,664
656,664
657,664
657,664
656,664
656,664
658,664
657,664
656,664
656,664
656,664
657,664
656,664
658,664
657,664
657,664
657,664
656,664
656,664
656,664
656,664
656,664
658,664
655,664
657,664
657,664
655,664
656,664
655,664
657,664
657,664
656,664
656,664
657,664
657,664
657,664
656,664
657,664
658,664
657,664
655,664
657,664
654,664
656,664
657,664
658,664
655,664
656,664
657,664
657,664
658,664
659,664
658,664
656,664
657,664
656,664
657,664
657,664
655,664
655,664
657,664
657,664
658,664
657,664
657,664
657,664
655,664
653,664
656,664
656,664
657,664
659,664
657,664
657,664
655,664
657,664
655,664
656,664
657,664
658,664
657,664
656,664
656,664
656,664
656,664
656,664
655,664
656,664
656,664
658,664
658,664
657,664
658,664
658,664
657,664
656,664
658,664
655,664
655,664
658,664
657,664
654,664
656,664
657,664
658,664
657,664
656,664
655,664
656,664
657,664
657,664
657,664
656,664
657,664
654,664
656,664
655,664
653,664
656,664
656,664
657,664
655,664
658,664
656,664
657,664
656,664
655,664
654,664
657,664
658,664
657,664
658,664
656,664
657,664
654,664
655,664
655,664
658,664
658,664
657,664
659,664
658,664
657,664
659,664
656,664
656,664
656,664
655,664
655,664
656,664
656,664
657,664
656,664
659,664
658,664
658,664
657,664
656,664
655,664
657,664
657,664
656,664
655,664
656,664
657,664
656,664
657,664
658,664
656,664
659,664
657,664
657,664
656,664
659,664
656,664
656,664
658,664
658,664
656,664
658,664
656,664
655,664
656,664
656,664
655,664
653,664
655,664
655,664
657,664
658,664
657,664
656,664
658,664
657,664
657,664
658,664
658,664
655,664
656,664
658,664
658,664
657,664
655,664
657,664
657,664
656,664
654,664
658,664
657,664
657,664
659,664
659,664
657,664
658,664
658,664
656,664
657,664
655,664
657,664
656,664
656,664
656,664
658,664
655,664
658,664
657,664
656,664
655,664
656,664
659,664
659,664
657,664
657,664
654,664
656,664
657,664
656,664
658,664
658,664
657,664
657,664
655,664
653,664
656,664
657,664
656,664
654,664
653,664
657,664
656,664
654,664
656,664
659,664
658,664
657,664
657,664
656,664
657,664
657,664
659,664
658,664
655,664
657,664
658,664
658,664
657,664
655,664
654,664
654,664
655,664
657,664
657,664
657,664
654,664
654,664
653,664
658,664
655,664
655,664
657,664
655,664
656,664
656,664
659,664
657,664
658,664
656,664
656,664
657,664
657,664
657,664
654,664
656,664
656,664
654,664
659,664
657,664
657,664
657,664
652,664
655,664
656,664
657,664
654,664
659,664
655,664
658,664
657,664
659,664
655,664
656,664
657,664
657,664
657,664
656,664
654,664
656,664
654,664
658,664
654,664
656,664
656,664
654,664
657,664
659,664
657,664
655,664
658,664
654,664
657,664
656,664
660,664
660,664
657,664
659,664
659,664
655,664
656,664
655,664
657,664
656,664
657,664
657,664
657,664
658,664
656,664
658,664
655,664
659,664
657,664
658,664
656,664
656,664
657,664
655,664
656,664
657,664
655,664
657,664
657,664
658,664
657,664
654,664
656,664
654,664
657,664
658,664
657,664
657,664
657,664
656,664
655,664
657,664
655,664
656,664
656,664
656,664
654,664
653,664
655,664
657,664
654,664
653,664
657,664
658,664
657,664
657,664
657,664
656,664
656,664
657,664
659,664
657,664
656,664
656,664
656,664
656,664
658,664
656,664
659,664
655,664
653,664
656,664
657,664
657,664
659,664
658,664
658,664
658,664
657,664
657,664
658,664
657,664
655,664
655,664
657,664
656,664
660,664
657,664
658,664
656,664
659,664
655,664
656,664
655,664
655,664
654,664
657,664
656,664
659,664
660,664
657,664
657,664
656,664
658,664
656,664
657,664
658,664
659,664
656,664
660,664
658,664
658,664
656,664
657,664
657,664
657,664
657,664
656,664
657,664
655,664
656,664
657,664
658,664
656,664
657,664
657,664
656,664
655,664
657,664
657,664
656,664
657,664
657,664
656,664
657,664
657,664
656,664
657,664
655,664
658,664
655,664
655,664
656,664
658,664
656,664
655,664
657,664
658,664
657,664
657,664
657,664
653,664
657,664
658,664
658,664
657,664
655,664
657,664
656,664
658,664
657,664
657,664
659,664
659,664
658,664
659,664
659,664
655,664
656,664
655,664
657,664
657,664
656,664
656,664
656,664
657,664
657,664
657,664
658,664
656,664
656,664
656,664
655,664
656,664
655,664
654,664
657,664
657,664
656,664
654,664
658,664
654,664
658,664
658,664
654,664
656,664
658,664
656,664
655,664
656,664
656,664
653,664
657,664
657,664
657,664
659,664
658,664
656,664
658,664
656,664
655,664
653,664
658,664
658,664
655,664
656,664
656,664
654,664
654,664
657,664
653,664
655,664
655,664
656,664
658,664
656,664
657,664
655,664
655,664
656,664
657,664
657,664
657,664
655,665
658,665
656,665
656,666
658,666
656,666
657,666
655,666
658,666
659,666
657,666
658,667
659,667
660,667
658,667
660,669
660,669
656,671
659,671
659,672
659,672
659,673
660,674
662,674
663,674
661,674
662,674
664,674
665,678
665,678
665,678
668,678
667,678
665,678
667,680
666,680
669,680
669,682
669,682
670,682
671,684
672,684
672,684
671,690
671,690
673,694
675,694
675,694
677,694
676,694
678,703
682,703
683,703
684,703
684,703
688,704
688,704
691,704
693,707
692,707
692,707
695,707
695,707
693,707
693,707
696,707
697,708
697,709
696,709
694,709
698,713
697,713
697,713
697,713
699,713
701,714
701,715
704,715
703,715
701,715
705,715
702,715
704,716
706,717
705,717
707,717
707,717
707,717
702,717
707,717
707,718
706,718
707,718
706,718
710,719
707,719
708,719
706,719
707,719
708,719
711,719
708,719
709,720
710,720
711,720
714,721
712,722
707,723
711,726
710,732
711,732
713,732
713,732
714,732
714,732
713,733
714,733
715,733
715,735
717,735
721,737
725,737
724,737
723,737
723,741
725,741
723,741
723,749
729,749
728,749
730,749
731,749
730,749
732,749
733,755
730,755
736,755
738,756
739,756
737,756
741,756
738,756
745,756
742,757
745,757
745,757
743,757
747,757
744,757
743,760
747,760
747,760
748,760
747,760
745,760
747,761
747,761
748,763
745,763
746,763
745,763
748,763
751,763
750,763
748,763
751,763
751,763
752,764
752,764
751,764
753,764
751,765
751,765
750,765
749,765
749,765
754,766
753,766
754,766
753,766
754,766
752,767
751,767
756,767
756,767
754,767
756,768
755,768
757,768
758,768
753,768
756,768
754,768
753,769
755,769
755,769
756,769
755,769
755,769
756,769
756,769
755,769
760,769
760,769
758,769
762,769
756,769
759,769
759,769
757,769
757,769
757,770
756,770
755,770
754,770
760,770
757,770
756,770
759,770
759,770
758,770
757,770
755,770
760,770
757,770
755,770
755,770
758,770
759,771
759,771
758,771
760,771
760,771
762,771
760,771
760,771
759,771
761,771
760,771
760,771
757,771
759,771
761,771
758,771
761,771
762,771
759,771
763,771
762,771
760,771
761,771
758,771
760,771
759,771
759,771
762,771
762,771
759,771
757,771
758,771
758,771
758,771
757,771
759,771
759,771
760,771
759,771
752,771
760,771
761,771
761,771
759,771
757,771
763,771
760,771
760,771
763,771
760,771
760,771
757,771
760,771
762,771
762,771
759,771
757,771
758,771
760,771
761,771
761,771
760,771
758,771
760,771
758,771
761,771
758,771
760,771
758,771
758,771
756,771
755,771
758,771
759,771
758,771
757,771
760,771
761,771
759,771
759,771
761,771
757,771
759,771
762,771
761,771
760,771
760,771
760,771
759,771
758,771
759,771
759,771
761,771
758,771
759,771
758,771
758,771
760,771
759,771
758,771
759,771
763,771
760,771
760,771
760,771
758,771
756,771
757,771
759,771
757,771
759,771
757,771
760,771
758,771
759,771
760,771
763,771
761,771
756,771
761,771
761,771
756,771
761,771
761,771
760,771
758,771
759,771
758,771
760,771
760,771
759,771
760,771
761,771
762,771
764,771
761,771
759,771
758,771
759,771
761,771
761,771
759,771
759,771
759,771
759,771
760,771
759,771
758,771
759,771
759,771
756,771
761,771
760,771
760,771
757,771
759,771
759,771
756,771
756,771
756,771
760,771
760,771
759,771
761,771
757,771
758,771
761,771
757,771
760,771
760,771
763,771
760,771
762,771
761,771
757,771
760,771
760,771
762,771
759,771
758,771
758,771
760,771
761,771
761,771
761,771
761,771
761,771
760,771
758,771
760,771
761,771
759,771
758,771
758,771
759,771
758,771
761,771
759,771
758,771
761,771
762,771
761,771
758,771
759,771
758,771
760,771
759,771
759,771
761,771
763,771
759,771
758,771
760,771
755,771
754,771
762,771
762,771
761,771
762,771
757,771
758,771
757,771
759,771
760,771
760,771
761,771
762,771
762,771
759,771
757,771
759,771
758,771
759,771
761,771
758,771
759,771
757,771
760,771
759,771
759,771
758,771
758,771
756,771
758,771
760,771
761,771
758,771
761,771
761,771
759,771
762,771
760,771
759,771
762,771
758,771
760,771
763,771
761,771
759,771
756,771
754,771
763,771
759,771
759,771
754,771
761,771
759,771
761,771
760,771
760,771
759,771
759,771
758,771
761,771
756,771
756,771
760,771
757,771
760,771
760,771
762,771
761,771
756,771
760,771
760,771
759,771
760,771
759,771
762,771
758,771
760,771
758,771
757,771
759,771
756,771
761,771
760,771
756,771
757,771
759,771
759,771
762,771
758,771
756,771
756,771
762,771
762,771
763,771
762,771
760,771
758,771
761,771
760,771
760,771
761,771
759,771
759,771
761,771
761,771
759,771
760,771
762,771
762,771
760,771
760,771
760,771
760,771
756,771
761,771
762,771
760,771
761,771
759,771
763,771
758,771
760,771
759,771
760,771
762,771
757,771
760,771
760,771
760,771
762,771
756,771
759,771
757,771
761,771
761,771
760,771
757,771
757,771
759,771
758,771
758,771
759,771
756,771
757,771
760,771
760,771
760,771
756,771
762,771
759,771
757,771
760,771
763,771
761,771
760,771
761,771
756,771
757,771
760,771
760,771
761,771
762,771
758,771
761,771
761,771
760,771
761,771
761,771
758,771
758,771
762,771
758,771
763,771
758,771
757,771
762,771
763,771
759,771
761,771
760,771
756,771
757,771
754,771
762,771
759,771
757,771
760,771
758,771
759,771
758,771
759,771
757,771
756,771
757,771
758,771
762,771
763,771
760,771
760,771
762,771
759,771
759,771
761,771
761,771
760,771
753,771
761,771
755,771
757,771
760,771
762,771
762,771
758,771
758,771
760,771
758,771
761,771
760,771
760,771
757,771
758,771
757,771
758,771
757,771
759,771
758,771
758,771
758,771
759,771
758,771
760,771
764,771
762,771
761,771
757,771
756,771
758,771
757,771
758,771
758,771
757,771
756,771
763,771
758,771
761,771
757,771
763,771
758,771
760,771
760,771
761,771
759,771
761,771
759,771
758,771
764,771
763,771
759,771
761,771
762,771
759,771
758,771
762,771
760,771
761,771
760,771
761,771
758,771
760,771
757,771
762,771
761,771
759,771
761,771
755,771
762,771
756,771
761,771
761,771
760,771
760,771
756,771
760,771
758,771
760,771
760,771
759,771
757,771
760,771
759,771
756,771
760,771
762,771
760,771
760,771
759,771
760,771
758,771
761,771
758,771
762,771
759,771
759,771
760,771
758,771
756,771
760,771
757,771
760,771
762,771
761,771
760,771
757,771
758,771
759,771
760,771
762,771
759,771
763,771
762,771
763,771
760,771
758,771
759,771
755,771
759,771
760,771
758,771
763,771
756,771
760,771
760,771
761,771
762,771
757,771
763,771
759,771
761,771
758,771
758,771
761,771
758,771
759,771
760,771
759,771
760,771
759,771
760,771
758,771
764,771
759,771
756,771
760,771
758,771
759,771
759,771
760,771
762,771
757,771
757,771
759,771
754,771
758,771
758,771
759,771
761,771
758,771
757,771
758,771
756,771
760,771
758,771
762,771
761,771
759,771
762,771
759,771
761,771
760,771
759,771
758,771
761,771
759,771
756,771
754,771
754,771
758,771
759,771
760,771
761,771
759,771
760,771
757,771
754,771
756,771
760,771
758,771
761,771
761,771
756,771
758,771
761,771
756,771
759,771
760,771
762,771
759,771
760,771
756,771
759,771
760,771
757,771
758,771
758,771
758,771
757,771
759,771
759,771
758,771
758,771
759,771
758,771
755,771
762,771
760,771
760,771
761,771
761,771
761,771
759,771
756,771
759,771
763,771
762,771
759,771
759,771
761,771
760,771
761,771
761,771
760,771
761,771
762,771
762,771
761,771
760,771
761,771
762,771
760,771
761,771
760,771
760,771
759,771
759,771
757,771
760,771
758,771
757,771
763,771
758,771
760,771
759,771
759,771
760,771
762,771
760,771
761,771
760,771
760,771
762,771
760,771
757,771
755,771
761,771
758,771
762,771
760,771
761,771
760,771
760,771
759,771
761,771
757,771
761,771
759,771
761,771
760,771
760,771
760,771
762,771
760,771
758,771
758,771
762,771
761,771
760,771
756,771
761,771
759,771
758,771
762,771
761,771
762,771
760,771
760,771
759,771
760,771
761,771
762,771
760,771
763,771
761,771
760,771
759,771
761,771
758,771
758,771
762,771
760,771
763,771
759,771
759,771
761,771
762,771
761,771
759,771
760,771
761,771
760,771
760,771
760,771
760,771
763,771
759,771
758,771
761,771
760,771
757,771
760,771
758,771
759,771
761,771
761,771
761,771
759,771
762,771
757,771
757,771
760,771
755,771
761,771
760,771
762,771
758,771
759,771
757,771
760,771
759,771
758,771
757,771
760,771
761,771
760,771
754,771
759,771
761,771
761,771
759,771
758,771
758,771
760,771
759,771
758,771
757,771
759,771
761,771
759,771
760,771
760,771
761,771
759,771
758,771
760,771
760,771
762,771
761,771
763,771
764,771
758,771
760,771
761,771
760,771
759,771
758,771
761,771
760,771
761,771
761,771
754,771
759,771
758,771
759,771
762,771
762,771
761,771
759,771
758,771
758,771
759,771
761,771
758,771
759,771
760,771
760,771
759,771
759,771
758,771
758,771
762,771
764,771
757,771
760,771
757,771
756,771
759,771
761,771
764,771
761,771
762,771
762,771
756,771
758,771
757,771
755,771
759,771
758,771
762,771
758,771
757,771
756,771
758,771
757,771
757,771
760,771
760,771
757,771
757,771
761,771
760,771
759,771
756,771
760,771
761,771
762,771
758,771
759,771
757,771
759,771
758,771
763,771
764,771
759,771
762,771
761,771
762,771
759,771
760,771
760,771
759,771
761,771
762,771
756,771
756,771
755,771
761,771
760,771
757,771
761,771
761,771
759,771
760,771
759,771
760,771
759,771
759,771
759,771
762,771
757,771
758,771
761,771
758,771
758,771
761,771
759,771
756,771
758,771
756,771
760,771
756,771
759,771
759,771
762,771
762,771
761,771
763,771
762,771
760,771
759,771
761,771
760,771
759,771
760,771
757,771
759,771
757,771
758,771
759,771
761,771
762,771
760,771
758,771
760,771
760,771
760,771
757,771
759,771
758,771
757,771
760,771
760,771
757,771
759,771
758,771
760,771
758,771
761,771
760,771
760,771
760,771
758,771
759,771
760,771
758,771
757,771
761,771
761,771
762,771
761,771
757,771
758,771
759,771
760,771
755,771
758,771
758,771
756,771
758,771
758,771
763,771
759,771
761,771
758,771
759,771
759,771
760,771
760,771
760,771
758,771
760,771
760,771
758,771
758,771
758,771
759,771
761,771
762,771
757,771
758,771
762,771
762,771
761,771
761,771
761,771
760,771
761,771
761,771
760,771
760,771
759,771
760,771
760,771
760,771
757,771
759,771
759,771
761,771
761,771
760,771
761,771
760,771
757,771
760,771
762,771
760,771
759,771
761,771
758,771
758,771
759,771
762,771
760,771
756,771
761,771
760,771
758,771
760,771
757,771
759,771
762,771
760,771
761,771
758,771
757,771
759,771
762,771
761,771
764,771
757,771
757,771
761,771
761,771
759,771
758,771
757,771
755,771
758,771
759,771
759,771
758,771
760,771
756,771
758,771
757,771
761,771
760,771
761,771
760,771
758,771
760,771
759,771
758,771
759,771
760,771
762,771
760,771
760,771
758,771
760,771
757,771
759,771
758,771
760,771
761,771
757,771
762,771
757,771
757,771
759,771
759,771
761,771
760,771
762,771
758,771
759,771
759,771
761,771
761,771
757,771
758,771
762,771
760,771
760,771
761,771
756,771
760,771
758,771
759,771
760,771
759,771
762,771
760,771
761,771
755,771
758,771
760,771
760,771
759,771
759,771
759,771
757,771
760,771
761,771
761,771
758,771
758,771
761,771
763,771
761,771
759,771
757,771
758,771
759,771
760,771
760,771
759,771
756,771
761,771
757,771
761,771
763,771
761,771
760,771
758,771
760,771
761,771
757,771
756,771
756,771
760,771
760,771
759,771
761,771
763,771
761,771
761,771
761,771
761,771
761,771
762,771
760,771
758,771
760,771
760,771
764,771
757,771
763,771
759,771
759,771
756,771
759,771
762,771
759,771
762,771
759,771
760,771
761,771
758,771
762,771
759,771
761,771
760,771
760,771
760,771
758,771
757,771
759,771
760,771
758,771
760,771
758,771
760,771
760,771
760,771
756,771
756,771
754,771
757,771
757,771
750,771
759,771
761,771
762,771
760,771
758,771
758,771
755,771
759,771
760,771
754,771
758,771
756,771
756,771
755,771
761,771
758,771
762,771
760,771
761,771
763,771
760,771
761,771
757,771
760,771
758,771
762,771
759,771
763,771
760,771
759,771
764,771
757,771
759,771
760,771
759,771
756,771
758,771
760,771
757,771
760,771
756,771
762,771
758,771
757,771
757,771
759,771
758,771
758,771
760,771
758,771
760,771
757,771
761,771
758,771
760,771
760,771
760,771
762,771
758,771
759,771
758,771
759,771
758,771
759,771
758,771
763,771
761,771
759,771
758,771
761,771
759,771
760,771
758,771
762,771
761,771
754,771
759,771
760,771
762,771
761,771
757,771
758,771
761,771
760,771
760,771
759,771
758,771
759,771
758,771
761,771
761,771
759,771
761,771
762,771
762,771
758,771
761,771
761,771
758,771
761,771
759,771
760,771
761,771
759,771
761,771
762,771
761,771
763,771
760,771
759,771
759,771
758,771
759,771
761,771
761,771
757,771
760,771
759,771
758,771
762,771
760,771
762,771
759,771
759,771
758,771
759,771
758,771
759,771
757,771
760,771
760,771
758,771
761,771
761,771
758,771
760,771
761,771
762,771
759,771
756,771
762,771
756,771
756,771
755,771
759,771
761,771
761,771
762,771
761,771
762,771
761,771
762,771
757,771
759,771
757,771
760,771
760,771
762,771
761,771
760,771
758,771
755,771
755,771
761,771
760,771
759,771
758,771
758,771
760,771
759,771
758,771
759,771
759,771
759,771
760,771
760,771
757,771
760,771
759,771
761,771
760,771
758,771
758,771
759,771
755,771
756,771
761,771
758,771
757,771
760,771
757,771
762,771
759,771
763,771
757,771
759,771
760,771
760,771
759,771
758,771
756,771
758,771
757,771
759,771
757,771
759,771
758,771
757,771
761,771
761,771
758,771
759,771
759,771
763,771
760,771
761,771
761,771
759,771
758,771
760,771
759,771
755,771
760,771
758,771
759,771
762,771
760,771
759,771
763,771
756,771
759,771
759,771
758,771
761,771
758,771
756,771
757,771
759,771
760,771
760,771
756,771
758,771
761,771
759,771
759,771
758,771
761,771
762,771
762,771
758,771
755,771
759,771
758,771
758,771
759,771
757,771
759,771
758,771
759,771
758,771
759,771
764,771
762,771
759,771
761,771
762,771
760,771
761,771
762,771
760,771
759,771
757,771
760,771
761,771
758,771
759,771
757,771
759,771
762,771
759,771
760,771
759,771
762,771
761,771
761,771
759,771
758,771
754,771
758,771
759,771
759,771
755,771
759,771
759,771
759,771
757,771
762,771
762,771
762,771
757,771
758,771
759,771
758,771
756,771
760,771
763,771
760,771
762,771
756,771
758,771
758,771
758,771
755,771
757,771
761,771
760,771
757,771
760,771
758,771
761,771
759,771
760,771
762,771
762,771
756,771
758,771
760,771
759,771
761,771
758,771
759,771
763,771
758,771
760,771
762,771
762,771
761,771
757,771
762,771
756,771
762,771
763,771
760,771
761,771
761,771
760,771
758,771
762,771
764,771
757,771
757,771
759,771
757,771
756,771
758,771
762,771
757,771
758,771
758,771
762,771
759,771
758,771
760,771
763,771
761,771
758,771
759,771
760,771
761,771
761,771
758,771
759,771
758,771
759,771
761,771
761,771
762,771
758,771
762,771
759,771
761,771
761,771
759,771
761,771
756,771
757,771
757,771
760,771
757,771
759,771
756,771
759,771
761,771
758,771
757,771
758,771
760,771
760,771
756,771
762,771
762,771
758,771
759,771
758,771
757,771
758,771
758,771
759,771
759,771
760,771
759,771
760,771
758,771
758,771
759,771
761,771
757,771
761,771
763,771
761,771
762,771
762,771
761,771
759,771
760,771
759,771
759,771
758,771
760,771
761,771
755,771
759,771
757,771
759,771
756,771
759,771
762,771
759,771
760,771
759,771
761,771
755,771
762,771
759,771
759,771
762,771
759,771
759,771
759,771
759,771
759,771
758,771
761,771
760,771
756,771
762,771
759,771
757,771
759,771
757,771
758,771
762,771
758,771
759,771
759,771
758,771
760,771
759,771
761,771
756,771
763,771
759,771
757,771
760,771
757,771
758,771
757,771
760,771
760,771
758,771
758,771
760,771
759,771
760,771
759,771
760,771
760,771
757,771
758,771
758,771
758,771
756,771
760,771
758,771
759,771
757,771
760,771
760,771
762,771
761,771
760,771
756,771
758,771
754,771
760,771
761,771
758,771
762,771
763,771
764,771
761,771
758,771
760,771
758,771
757,771
761,771
760,771
759,771
758,771
760,771
762,771
759,771
759,771
759,771
756,771
757,771
755,771
757,771
763,771
758,771
761,771
762,771
759,771
758,771
762,771
755,771
761,771
759,771
757,771
760,771
762,771
756,771
759,771
759,771
753,771
758,771
757,771
760,771
761,771
763,771
761,771
760,771
760,771
761,771
759,771
760,771
757,771
761,771
760,771
760,771
760,771
760,771
759,771
758,771
759,771
761,771
757,771
760,771
760,771
761,771
760,771
758,771
759,771
761,771
760,771
758,771
761,771
758,771
762,771
755,771
757,771
759,771
759,771
758,771
762,771
757,771
759,771
758,771
759,771
763,771
761,771
759,771
761,771
757,771
761,771
760,771
760,771
761,771
761,771
760,771
761,771
760,771
762,771
760,771
761,771
763,771
764,771
761,771
764,771
758,771
761,771
759,771
758,771
760,771
757,771
759,771
760,771
762,771
761,771
762,771
760,771
760,771
759,771
760,771
761,771
760,771
761,771
761,771
760,771
759,771
760,771
759,771
757,771
761,771
758,771
758,771
758,771
760,771
761,771
761,771
757,771
760,771
757,771
758,771
760,771
762,771
757,771
758,771
759,771
758,771
756,771
761,771
758,771
762,771
761,771
759,771
761,771
760,771
759,771
762,771
761,771
762,771
758,771
755,771
761,771
761,771
760,771
758,771
760,771
759,771
760,771
760,771
756,771
758,771
759,771
760,771
758,771
760,771
758,771
760,771
758,771
759,771
759,771
759,771
758,771
759,771
758,771
759,771
762,771
761,771
761,771
760,771
755,771
758,771
759,771
762,771
758,771
762,771
759,771
759,771
760,771
760,771
763,771
759,771
759,771
762,771
763,771
760,771
758,771
759,771
760,771
760,771
762,771
761,771
760,771
759,771
760,771
760,771
759,771
761,771
758,771
761,771
760,771
759,771
760,771
757,771
763,771
761,771
760,771
762,771
759,771
761,771
757,771
755,771
756,771
762,771
759,771
755,771
759,771
759,771
762,771
759,771
758,771
759,771
760,771
759,771
760,771
761,771
761,771
762,771
761,771
759,771
759,771
760,771
761,771
758,771
759,771
760,771
758,771
762,771
760,771
758,771
754,771
761,771
758,771
757,771
761,771
758,771
759,771
760,771
761,771
760,771
760,771
761,771
763,771
759,771
759,771
759,771
759,771
761,771
757,771
758,771
762,771
760,771
761,771
760,771
761,771
760,771
763,771
758,771
759,771
759,771
761,771
757,771
758,771
758,771
759,771
761,771
759,771
758,771
759,771
759,771
761,771
760,771
760,771
759,771
755,771
758,771
757,771
760,771
760,771
761,771
759,771
760,771
760,771
760,771
761,771
761,771
759,771
760,771
761,771
760,771
759,771
759,771
762,771
756,771
759,771
763,771
760,771
760,771
762,771
760,771
762,771
759,771
759,771
757,771
760,771
763,771
757,771
760,771
763,771
760,771
760,771
762,771
760,771
759,771
758,771
762,771
756,771
758,771
761,771
762,771
757,771
762,771
760,771
762,771
761,771
759,771
760,771
762,771
759,771
763,771
764,771
760,771
761,771
758,771
756,771
759,771
762,771
761,771
760,771
761,771
758,771
760,771
760,771
759,771
760,771
759,771
759,771
756,771
759,771
757,771
758,771
763,771
757,771
755,771
757,771
758,771
758,771
757,771
760,771
758,771
758,771
760,771
760,771
761,771
757,771
761,771
758,771
758,771
756,771
757,771
760,771
761,771
762,771
759,771
760,771
758,771
758,771
757,771
759,771
759,771
758,771
753,771
759,771
760,771
760,771
761,771
757,771
760,771
759,771
759,771
760,771
757,771
758,771
761,771
758,771
760,771
761,771
761,771
761,771
759,771
760,771
763,771
762,771
762,771
759,771
760,771
758,771
758,771
760,771
761,771
755,771
759,771
758,771
761,771
762,771
758,771
760,771
761,771
761,771
761,771
760,771
758,771
760,771
757,771
759,771
760,771
760,771
761,771
760,771
760,771
757,771
761,771
761,771
756,771
759,771
758,771
763,771
762,771
758,771
759,771
761,771
757,771
758,771
759,771
758,771
758,771
762,771
760,771
760,771
761,771
759,771
760,771
758,771
761,771
757,771
762,771
760,771
761,771
762,771
754,771
760,771
758,771
758,771
759,771
759,771
762,771
760,771
760,771
757,771
757,771
757,771
760,771
758,771
763,771
761,771
755,771
760,771
758,771
758,771
757,771
756,771
759,771
758,771
759,771
757,771
758,771
758,771
759,771
756,771
762,771
762,771
759,771
759,771
761,771
758,771
762,771
757,771
760,771
762,771
759,771
758,771
755,771
757,771
757,771
757,771
761,771
763,771
760,771
758,771
757,771
761,771
753,771
756,771
755,771
758,771
761,771
758,771
759,771
760,771
758,771
758,771
760,771
760,771
760,771
758,771
756,771
757,771
760,771
761,771
760,771
760,771
761,771
763,771
761,771
760,771
759,771
759,771
758,771
755,771
761,771
756,771
758,771
757,771
756,771
755,771
755,771
759,771
759,771
761,771
763,771
757,771
759,771
761,771
760,771
758,771
760,771
758,771
759,771
759,771
759,771
760,771
760,771
759,771
758,771
755,771
759,771
758,771
758,771
760,771
762,771
758,771
759,771
759,771
759,771
760,771
757,771
757,771
760,771
759,771
759,771
758,771
760,771
761,771
758,771
757,771
755,771
759,771
759,771
758,771
759,771
759,771
759,771
759,771
760,771
761,771
759,771
758,771
759,771
757,771
757,771
759,771
760,771
758,771
761,771
761,771
761,771
759,771
760,771
760,771
757,771
760,771
756,771
758,771
760,771
756,771
760,771
761,771
761,771
759,771
762,771
759,771
759,771
759,771
759,771
756,771
759,771
760,771
760,771
759,771
759,771
761,771
757,771
757,771
756,771
761,771
757,771
760,771
760,771
762,771
757,771
760,771
762,771
760,771
760,771
759,771
759,771
755,771
762,771
756,771
758,771
758,771
759,771
759,771
759,771
759,771
760,771
761,771
762,771
760,771
757,771
761,771
760,771
760,771
756,771
761,771
758,771
757,771
762,771
762,771
761,771
759,771
762,771
759,771
761,771
757,771
761,771
759,771
759,771
759,771
760,771
761,771
763,771
759,771
760,771
764,771
758,771
756,771
759,771
758,771
761,771
760,771
758,771
756,771
759,771
760,771
759,771
759,771
761,771
762,771
760,771
761,771
759,771
761,771
756,771
758,771
758,771
758,771
760,771
759,771
762,771
762,771
760,771
765,771
756,771
759,771
758,771
758,771
760,771
761,771
761,771
757,771
759,771
761,771
761,771
757,771
759,771
757,771
761,771
762,771
761,771
761,771
760,771
761,771
759,771
761,771
759,771
761,771
759,771
761,771
759,771
755,771
757,771
760,771
757,771
759,771
761,771
758,771
757,771
763,771
759,771
758,771
760,771
761,771
760,771
760,771
758,771
760,771
760,771
761,771
760,771
757,771
755,771
758,771
758,771
757,771
758,771
759,771
758,771
761,771
760,771
759,771
757,771
755,771
758,771
760,771
759,771
762,771
761,771
759,771
759,771
760,771
759,771
758,771
761,771
759,771
758,771
758,771
758,771
761,771
760,771
760,771
763,771
760,771
758,771
760,771
760,771
760,771
759,771
761,771
759,771
758,771
763,771
757,771
759,771
763,771
758,771
759,771
760,771
759,771
760,771
759,771
757,771
762,771
761,771
759,771
758,771
761,771
762,771
760,771
760,771
760,771
758,771
757,771
756,771
757,771
758,771
759,771
757,771
759,771
758,771
760,771
756,771
760,771
759,771
757,771
758,771
759,771
759,771
759,771
758,771
760,771
764,771
759,771
756,771
760,771
762,771
757,771
759,771
757,771
757,771
761,771
762,771
759,771
758,771
761,771
759,771
759,771
760,771
760,771
756,771
758,771
759,771
762,771
758,771
760,771
759,771
761,771
761,771
760,771
760,771
761,771
761,771
759,771
757,771
757,771
759,771
756,771
759,771
756,771
761,771
763,771
761,771
760,771
762,771
763,771
761,771
761,771
757,771
761,771
761,771
762,771
759,771
758,771
757,771
762,771
761,771
757,771
759,771
760,771
760,771
760,771
762,771
757,771
760,771
763,771
760,771
759,771
761,771
759,771
758,771
762,771
757,771
761,771
760,771
758,771
759,771
755,771
760,771
759,771
758,771
759,771
757,771
759,771
758,771
759,771
758,771
761,771
756,771
757,771
758,771
759,771
761,771
758,771
762,771
760,771
760,771
759,771
759,771
758,771
760,771
758,771
761,771
762,771
762,771
759,771
761,771
756,771
760,771
759,771
759,771
760,771
758,771
760,771
761,771
761,771
759,771
756,771
760,771
758,771
762,771
757,771
758,771
758,771
758,771
758,771
759,771
759,771
757,771
760,771
760,771
760,771
761,771
761,771
760,771
760,771
759,771
756,771
761,771
761,771
759,771
761,771
763,771
761,771
758,771
759,771
757,771
757,771
759,771
759,771
762,771
761,771
760,771
758,771
761,771
759,771
761,771
760,771
758,771
759,771
760,771
760,771
761,771
761,771
760,771
759,771
760,771
757,771
758,771
760,771
762,771
758,771
762,771
761,771
758,771
759,771
758,771
756,771
760,771
759,771
763,771
762,771
760,771
758,771
761,771
761,771
758,771
761,771
759,771
757,771
761,771
757,771
759,771
763,771
759,771
761,771
759,771
762,771
760,771
757,771
759,771
757,771
760,771
761,771
759,771
759,771
758,771
751,771
760,771
760,771
762,771
759,771
757,771
758,771
758,771
760,771
760,771
762,771
759,771
757,771
761,771
760,771
757,771
760,771
757,771
764,771
762,771
760,771
760,771
761,771
758,771
758,771
759,771
759,771
757,771
757,771
759,771
763,771
762,771
762,771
759,771
758,771
762,771
759,771
760,771
757,771
759,771
762,771
759,771
760,771
757,771
756,771
758,771
759,771
759,771
758,771
759,771
758,771
758,771
759,771
758,771
758,771
760,771
762,771
763,771
758,771
760,771
762,771
758,771
760,771
759,771
759,771
758,771
758,771
759,771
761,771
759,771
761,771
761,771
760,771
762,771
763,771
758,771
761,771
756,771
760,771
759,771
760,771
760,771
758,771
759,771
760,771
759,771
757,771
760,771
761,771
759,771
759,771
758,771
759,771
757,771
760,771
760,771
760,771
760,771
758,771
758,771
762,771
759,771
760,771
756,771
758,771
760,771
760,771
760,771
762,771
760,771
761,771
763,771
762,771
760,771
760,771
758,771
761,771
759,771
764,771
758,771
763,771
760,771
760,771
759,771
759,771
758,771
755,771
760,771
760,771
761,771
763,771
757,771
761,771
763,771
759,771
758,771
759,771
762,771
759,771
757,771
759,771
758,771
758,771
760,771
758,771
758,771
759,771
761,771
759,771
759,771
758,771
758,771
758,771
759,771
759,771
756,771
761,771
758,771
759,771
761,771
761,771
761,771
763,771
762,771
760,771
756,771
761,771
757,771
762,771
762,771
760,771
759,771
760,771
759,771
760,771
762,771
760,771
759,771
759,771
760,771
759,771
761,771
763,771
759,771
757,771
762,771
758,771
758,771
759,771
757,771
762,771
756,771
758,771
760,771
758,771
759,771
760,771
762,771
762,771
759,771
759,771
759,771
760,771
759,771
759,771
760,771
758,771
760,771
758,771
758,771
761,771
759,771
757,771
760,771
760,771
761,771
760,771
758,771
761,771
758,771
760,771
760,771
760,771
761,771
759,771
760,771
759,771
757,771
759,771
762,771
757,771
759,771
759,771
758,771
760,771
758,771
761,771
760,771
760,771
760,771
758,771
758,771
758,771
762,771
757,771
754,771
758,771
759,771
761,771
761,771
759,771
760,771
762,771
762,771
761,771
763,771
759,771
762,771
758,771
760,771
758,771
760,771
761,771
760,771
759,771
758,771
761,771
761,771
763,771
756,771
759,771
760,771
759,771
760,771
761,771
761,771
759,771
762,771
760,771
758,771
756,771
760,771
760,771
758,771
760,771
760,771
757,771
761,771
758,771
759,771
761,771
761,771
759,771
757,771
758,771
758,771
755,771
758,771
759,771
763,771
761,771
759,771
760,771
758,771
760,771
755,771
757,771
760,771
760,771
761,771
759,771
758,771
754,771
760,771
761,771
759,771
762,771
759,771
758,771
764,771
761,771
761,771
762,771
760,771
760,771
759,771
761,771
761,771
759,771
760,771
762,771
760,771
754,771
758,771
761,771
757,771
761,771
762,771
761,771
761,771
763,771
762,771
759,771
758,771
759,771
760,771
760,771
756,771
762,771
759,771
762,771
762,771
761,771
759,771
760,771
758,771
759,771
761,771
761,771
760,771
760,771
758,771
759,771
759,771
757,771
761,771
758,771
761,771
761,771
762,771
762,771
756,771
758,771
759,771
759,771
757,771
760,771
762,771
760,771
761,771
760,771
760,771
760,771
760,771
762,771
761,771
759,771
762,771
761,771
761,771
760,771
762,771
761,771
760,771
757,771
760,771
758,771
759,771
761,771
761,771
759,771
763,771
758,771
759,771
758,771
759,771
757,771
761,771
757,771
759,771
759,771
762,771
762,771
760,771
759,771
759,771
761,771
758,771
760,771
760,771
760,771
758,771
759,771
759,771
759,771
763,771
759,771
760,771
760,771
760,771
761,771
759,771
761,771
757,771
760,771
760,771
758,771
761,771
758,771
759,771
760,771
763,771
759,771
754,771
760,771
759,771
759,771
758,771
761,771
759,771
756,771
757,771
758,771
760,771
758,771
760,771
757,771
759,771
757,771
758,771
759,771
760,771
759,771
757,771
760,771
761,771
757,771
761,771
762,771
763,771
758,771
758,771
760,771
759,771
760,771
760,771
760,771
758,771
755,771
763,771
760,771
761,771
759,771
756,771
760,771
758,771
758,771
762,771
760,771
757,771
760,771
759,771
759,771
759,771
758,771
758,771
760,771
758,771
762,771
759,771
757,771
758,771
759,771
757,771
760,771
760,771
760,771
761,771
760,771
760,771
761,771
760,771
760,771
761,771
757,771
758,771
759,771
763,771
758,771
760,771
757,771
761,771
758,771
761,771
760,771
757,771
758,771
758,771
761,771
761,771
760,771
759,771
761,771
761,771
758,771
763,771
762,771
759,771
760,771
763,771
757,771
758,771
761,771
758,771
758,771
759,771
757,771
756,771
760,771
760,771
758,771
758,771
756,771
762,771
760,771
761,771
761,771
759,771
759,771
757,771
760,771
758,771
762,771
759,771
760,771
758,771
760,771
758,771
759,771
760,771
760,771
758,771
760,771
762,771
762,771
758,771
756,771
759,771
757,771
753,771
759,771
759,771
761,771
760,771
762,771
758,771
757,771
759,771
764,771
761,771
761,771
761,771
763,771
759,771
761,771
759,771
759,771
761,771
762,771
762,771
759,771
759,771
755,771
760,771
760,771
762,771
760,771
760,771
762,771
757,771
756,771
758,771
758,771
758,771
758,771
759,771
757,771
759,771
761,771
759,771
763,771
758,771
756,771
761,771
759,771
761,771
762,771
757,771
759,771
760,771
759,771
760,771
762,771
761,771
762,771
762,771
761,771
761,771
760,771
760,771
760,771
761,771
761,771
760,771
759,771
760,771
759,771
760,771
758,771
756,771
758,771
761,771
759,771
760,771
758,771
758,771
758,771
759,771
759,771
756,771
763,771
759,771
761,771
759,771
760,771
760,771
758,771
759,771
759,771
760,771
759,771
760,771
759,771
758,771
760,771
759,771
760,771
758,771
761,771
758,771
760,771
755,771
757,771
758,771
758,771
761,771
756,771
760,771
761,771
761,771
760,771
759,771
758,771
756,771
757,771
761,771
756,771
757,771
759,771
756,771
758,771
761,771
759,771
759,771
759,771
761,771
760,771
759,771
761,771
762,771
763,771
760,771
761,771
758,771
763,771
761,771
761,771
758,771
761,771
761,771
758,771
761,771
760,771
761,771
759,771
759,771
761,771
759,771
761,771
759,771
761,771
760,771
761,771
759,771
762,771
759,771
759,771
758,771
753,771
759,771
760,771
757,771
756,771
759,771
759,771
759,771
759,771
759,771
760,771
759,771
761,771
759,771
763,771
757,771
764,771
759,771
759,771
760,771
761,771
758,771
760,771
756,771
761,771
761,771
761,771
763,771
762,771
762,771
757,771
759,771
759,771
758,771
761,771
758,771
756,771
756,771
759,771
761,771
759,771
763,771
758,771
761,771
760,771
760,771
759,771
758,771
762,771
759,771
758,771
758,771
760,771
758,771
757,771
759,771
759,771
758,771
759,771
759,771
759,771
754,771
757,771
761,771
758,771
758,771
761,771
763,771
759,771
759,771
758,771
756,771
760,771
760,771
762,771
760,771
759,771
757,771
758,771
758,771
757,771
761,771
759,771
759,771
759,771
761,771
757,771
759,771
759,771
759,771
761,771
754,771
756,771
760,771
759,771
756,771
757,771
758,771
760,771
760,771
760,771
761,771
761,771
759,771
756,771
757,771
760,771
759,771
761,771
761,771
762,771
756,771
762,771
762,771
755,771
760,771
759,771
759,771
756,771
761,771
760,771
757,771
762,771
760,771
761,771
761,771
761,771
758,771
761,771
759,771
757,771
757,771
760,771
758,771
758,771
759,771
762,771
761,771
761,771
761,771
761,771
756,771
759,771
759,771
758,771
760,771
759,771
758,771
763,771
759,771
760,771
756,771
758,771
758,771
761,771
760,771
760,771
760,771
762,771
762,771
758,771
759,771
758,771
758,771
756,771
762,771
759,771
761,771
759,771
761,771
760,771
757,771
760,771
762,771
756,771
760,771
758,771
762,771
761,771
764,771
758,771
760,771
759,771
757,771
760,771
758,771
756,771
758,771
760,771
759,771
760,771
756,771
762,771
758,771
759,771
762,771
759,771
760,771
761,771
758,771
761,771
757,771
762,771
761,771
759,771
761,771
762,771
757,771
757,771
759,771
757,771
760,771
759,771
762,771
760,771
758,771
761,771
762,771
757,771
757,771
758,771
758,771
761,771
761,771
758,771
759,771
760,771
762,771
757,771
760,771
758,771
762,771
760,771
761,771
763,771
759,771
760,771
760,771
758,771
761,771
760,771
755,771
756,771
757,771
760,771
760,771
756,771
757,771
758,771
760,771
759,771
762,771
760,771
760,771
761,771
758,771
758,771
756,771
759,771
760,771
760,771
759,771
759,771
760,771
761,771
759,771
762,771
758,771
758,771
760,771
762,771
758,771
758,771
757,771
761,771
762,771
755,771
759,771
758,771
759,771
761,771
761,771
758,771
762,771
758,771
756,771
759,771
761,771
758,771
759,771
760,771
760,771
758,771
760,771
759,771
759,771
762,771
759,771
759,771
757,771
759,771
761,771
759,771
757,771
761,771
761,771
758,771
761,771
758,771
758,771
762,771
758,771
755,771
760,771
759,771
762,771
759,771
757,771
755,771
761,771
764,771
759,771
760,771
760,771
762,771
760,771
759,771
758,771
759,771
761,771
760,771
763,771
759,771
760,771
762,771
758,771
757,771
761,771
761,771
756,771
760,771
757,771
763,771
757,771
760,771
758,771
757,771
760,771
761,771
759,771
759,771
760,771
760,771
759,771
761,771
761,771
759,771
759,771
758,771
756,771
760,771
757,771
760,771
759,771
756,771
762,771
764,771
759,771
761,771
760,771
757,771
760,771
761,771
763,771
763,771
761,771
764,771
759,771
757,771
759,771
760,771
758,771
759,771
758,771
756,771
761,771
760,771
761,771
759,771
759,771
763,771
760,771
757,771
757,771
758,771
763,771
760,771
754,771
762,771
759,771
756,771
758,771
759,771
757,771
762,771
757,771
760,771
756,771
762,771
762,771
760,771
758,771
758,771
760,771
758,771
760,771
760,771
759,771
759,771
760,771
761,771
759,771
755,771
758,771
762,771
759,771
762,771
759,771
760,771
763,771
758,771
761,771
758,771
762,771
761,771
761,771
756,771
762,771
761,771
760,771
758,771
757,771
761,771
761,771
760,771
757,771
759,771
754,771
757,771
758,771
761,771
763,771
763,771
759,771
758,771
760,771
763,771
757,771
760,771
754,771
762,771
761,771
758,771
757,771
760,771
759,771
760,771
761,771
758,771
762,771
762,771
760,771
759,771
759,771
758,771
757,771
759,771
761,771
760,771
755,771
756,771
760,771
761,771
758,771
759,771
757,771
757,771
761,771
761,771
761,771
761,771
760,771
758,771
760,771
763,771
761,771
758,771
761,771
761,771
761,771
764,771
761,771
759,771
757,771
759,771
759,771
757,771
759,771
759,771
761,771
761,771
763,771
761,771
760,771
764,771
761,771
758,771
759,771
760,771
759,771
759,771
757,771
759,771
759,771
761,771
763,771
759,771
759,771
760,771
758,771
760,771
759,771
757,771
761,771
761,771
763,771
758,771
758,771
758,771
760,771
760,771
759,771
759,771
761,771
760,771
759,771
757,771
760,771
760,771
759,771
762,771
760,771
758,771
757,771
760,771
760,771
761,771
761,771
760,771
761,771
757,771
758,771
760,771
763,771
760,771
760,771
758,771
761,771
761,771
761,771
757,771
759,771
759,771
753,771
757,771
760,771
759,771
755,771
758,771
761,771
758,771
759,771
758,771
759,771
757,771
759,771
759,771
760,771
758,771
756,771
762,771
760,771
759,771
759,771
759,771
759,771
759,771
762,771
758,771
758,771
759,771
760,771
759,771
757,771
759,771
760,771
760,771
761,771
761,771
761,771
760,771
761,771
758,771
757,771
758,771
759,771
760,771
760,771
760,771
761,771
761,771
758,771
760,771
760,771
761,771
759,771
759,771
762,771
759,771
759,771
760,771
761,771
760,771
760,771
758,771
762,771
761,771
762,771
758,771
759,771
759,771
761,771
762,771
763,771
759,771
760,771
759,771
758,771
760,771
761,771
758,771
755,771
758,771
761,771
758,771
760,771
760,771
760,771
759,771
762,771
760,771
760,771
761,771
760,771
761,771
759,771
759,771
759,771
757,771
760,771
761,771
759,771
761,771
760,771
761,771
763,771
759,771
761,771
760,771
760,771
762,771
761,771
758,771
756,771
761,771
759,771
760,771
758,771
759,771
758,771
760,771
761,771
764,771
760,771
760,771
757,771
760,771
760,771
762,771
761,771
762,771
756,771
761,771
760,771
761,771
759,771
761,771
760,771
760,771
761,771
761,771
763,771
757,771
762,771
762,771
763,771
763,771
762,771
757,771
759,771
761,771
762,771
758,771
760,771
760,771
757,771
762,771
760,771
758,771
758,771
757,771
759,771
757,771
755,771
757,771
759,771
758,771
759,771
759,771
755,771
758,771
759,771
758,771
758,771
760,771
756,771
758,771
759,771
760,771
759,771
761,771
758,771
761,771
759,771
762,771
761,771
759,771
759,771
757,771
759,771
757,771
759,771
757,771
755,771
757,771
760,771
761,771
759,771
758,771
759,771
760,771
759,771
760,771
757,771
758,771
757,771
760,771
761,771
761,771
761,771
762,771
758,771
757,771
757,771
756,771
760,771
759,771
757,771
758,771
754,771
761,771
762,771
757,771
758,771
761,771
764,771
765,771
760,771
759,771
761,771
759,771
762,771
761,771
762,771
756,771
761,771
763,771
760,771
761,771
759,771
761,771
758,771
757,771
759,771
756,771
759,771
760,771
760,771
761,771
758,771
758,771
756,771
758,771
760,771
759,771
760,771
761,771
760,771
757,771
758,771
761,771
760,771
760,771
758,771
757,771
760,771
759,771
761,771
758,771
762,771
758,771
759,771
763,771
760,771
757,771
760,771
758,771
761,771
757,771
759,771
759,771
760,771
758,771
760,771
761,771
758,771
758,771
757,771
758,771
762,771
758,771
762,771
759,771
758,771
762,771
760,771
758,771
758,771
757,771
760,771
757,771
758,771
758,771
758,771
761,771
762,771
758,771
757,771
760,771
758,771
761,771
760,771
761,771
759,771
759,771
764,771
760,771
762,771
761,771
761,771
761,771
762,771
762,771
760,771
759,771
760,771
762,771
758,771
760,771
759,771
759,771
758,771
760,771
762,771
756,771
760,771
759,771
758,771
758,771
760,771
761,771
762,771
757,771
757,771
759,771
758,771
761,771
760,771
758,771
757,771
756,771
760,771
760,771
758,771
761,771
758,771
761,771
761,771
760,771
761,771
760,771
761,771
759,771
761,771
761,771
760,771
755,771
758,771
758,771
761,771
759,771
761,771
760,771
757,771
757,771
759,771
761,771
765,771
761,771
760,771
757,771
760,771
758,771
757,771
762,771
760,771
759,771
761,771
758,771
759,771
760,771
760,771
760,771
762,771
757,771
759,771
759,771
758,771
759,771
759,771
761,771
755,771
761,771
761,771
758,771
762,771
762,771
760,771
760,771
759,771
759,771
758,771
757,771
756,771
760,771
760,771
759,771
756,771
759,771
760,771
759,771
757,771
759,771
758,771
761,771
761,771
757,771
762,771
761,771
759,771
761,771
758,771
759,771
760,771
760,771
761,771
759,771
761,771
760,771
760,771
759,771
756,771
763,771
757,771
761,771
760,771
757,771
756,771
759,771
759,771
757,771
758,771
758,771
760,771
761,771
760,771
757,771
758,771
759,771
761,771
761,771
757,771
757,771
757,771
761,771
761,771
760,771
760,771
759,771
759,771
759,771
758,771
758,771
760,771
760,771
760,771
758,771
760,771
759,771
760,771
758,771
761,771
765,771
756,771
760,771
760,771
755,771
760,771
757,771
760,771
761,771
761,771
760,771
758,771
759,771
759,771
758,771
757,771
760,771
762,771
759,771
759,771
757,771
757,771
760,771
759,771
759,771
761,771
758,771
760,771
762,771
761,771
760,771
762,771
756,771
758,771
760,771
762,771
762,771
759,771
763,771
761,771
762,771
758,771
757,771
763,771
760,771
757,771
759,771
760,771
762,771
758,771
760,771
761,771
758,771
760,771
761,771
761,771
761,771
761,771
758,771
759,771
757,771
758,771
756,771
760,771
762,771
760,771
759,771
765,771
759,771
758,771
759,771
759,771
760,771
759,771
759,771
756,771
758,771
760,771
760,771
761,771
759,771
751,771
760,771
757,771
758,771
760,771
760,771
758,771
759,771
758,771
760,771
760,771
761,771
761,771
760,771
759,771
758,771
758,771
757,771
758,771
759,771
760,771
757,771
762,771
759,771
762,771
756,771
759,771
757,771
758,771
756,771
759,771
759,771
757,771
760,771
759,771
760,771
756,771
758,771
761,771
761,771
760,771
759,771
762,771
757,771
761,771
759,771
761,771
759,771
763,771
760,771
760,771
758,771
761,771
762,771
760,771
761,771
759,771
761,771
760,771
758,771
759,771
760,771
764,771
759,771
757,771
764,771
760,771
760,771
756,771
760,771
760,771
759,771
758,771
761,771
759,771
762,771
760,771
760,771
757,771
763,771
760,771
761,771
759,771
758,771
761,771
758,771
759,771
762,771
760,771
760,771
761,771
761,771
761,771
757,771
760,771
762,771
755,771
760,771
758,771
759,771
761,771
757,771
759,771
761,771
757,771
761,771
759,771
758,771
763,771
760,771
763,771
760,771
758,771
758,771
760,771
757,771
758,771
761,771
762,771
758,771
755,771
758,771
764,771
761,771
760,771
759,771
761,771
760,771
760,771
757,771
758,771
757,771
760,771
760,771
762,771
762,771
762,771
761,771
760,771
760,771
759,771
760,771
760,771
759,771
757,771
758,771
758,771
758,771
755,771
758,771
758,771
761,771
760,771
757,771
758,771
759,771
760,771
759,771
759,771
760,771
758,771
759,771
757,771
763,771
762,771
760,771
759,771
763,771
757,771
755,771
758,771
762,771
759,771
757,771
755,771
759,771
761,771
757,771
759,771
757,771
760,771
760,771
756,771
762,771
758,771
760,771
763,771
760,771
757,771
757,771
757,771
762,771
761,771
760,771
759,771
761,771
760,771
760,771
759,771
761,771
758,771
762,771
756,771
760,771
759,771
758,771
757,771
758,771
759,771
760,771
759,771
758,771
Fittest individual below: 
< 334951,132127 >  < 502903,355580 >  < 65706,192837 >  < 956266,49015 >  < 305730,999999 >  < 743689,409767 > BIT: 1
